13624:
2020538
969091
9038:
378637
1452889
2196105
2632459
2296144
2403030
825125
1686645
2622059
1379973
1634069
36655
589364
1752729
13202:
459601
5707:
995526
1668401
445422
562814
1187800
520005
1467766
343499
1350167
1766968
9068:
1942256
2658:
2388374
1774314
1709299
1264283
1995693
2085612
1186863
3497:
1681375
841842
811661
4741:
964025
198024
275079
1795708
2646820
254887
16076:
1764423
1504176
2500001
16600:
1336197
638411
1029194
2180891
2311826
1906463
480337
14642:
2322966
138409
1608241
2585448
330439
57183
2137985
1329468
2270156
1702203
351908
474308
1696819
371644
1519646
2193664
2355420
626655
2622967
823241
2469878
1996638
1562799
177351
2033911
1749369
290804
2509802
663491
1657018
1213526
397541
2068656
2548253
2494394
12519:
1859002
607:
2544488
1399577
255055
1461273
1613073
1551333
1630854
1459150
2224252
1439804
577073
1365480
2322209
242099
2172562
2300053
585469
588321
416603
1363395
1228021
887797
56479
1135693
1562275
316100
956164
1503278
1115544
466955
1185696
765965
1941499
76360
453031
230864
1067468
240751
1900938
2274093
256344
256864
1951978
81243
664672
464611
2581640
2209665
1386106
957287
2347475
1393911
164555
1929433
332773
2058634
949181
349485
1085607
548680
720022
14230
477781
1750820
657234
238182
310113
1580100
2598093
2234248
2501626
2337024
1237034
580176
2270558
229006
1955987
580406
1395953
2559921
1091714
147405
1446209
1709118
701546
1383510
1325922
2230202
809816
116151
2490273
2055362
2201598
110596
626077
45647
289846
2438614
2420323
38662
45458
2244331
679581
2050405
2178349
349186
233329
651027
918960
544059
514366
1837795
2100351
2502641
1158262
878113
37513
1894664
173112
1802433
1669833
604493
118333
826933
163522
372916
1232707
1039265
1010743
878225
791476
853309
266474
179203
2632371
1247023
1111578
270393
792388
1205105
1563303
1019143
286752
765806
815062
1795671
1061227
2609870
653542
661246
602466
873395
714692
1895180
1697481
26486
1640516
973080
636095
1969136
1540315
2577990
96129
1258625
2081593
1130299
674025
2065444
536682
649370
902861
729354
1862415
249580
1794626
938006
1954287
1567158
1037904
1011326
105670
72928
2010123
2201997
1091864
1286572
1667375
332291
1505605
1057933
1654420
1388512
1337172
2175538
2431697
1071260
2301602
2645666
2400656
1629041
951733
81587
901629
2215788
1319041
1310677
2052755
507634
1557152
2000547
798614
1675176
121121
2045464
30665
1893990
888323
1875253
1661513
2134111
118391
348833
354246
353296
1042098
2416209
1472914
730006
2160891
1818859
2210404
1450001
2443002
2513647
1545526
1802311
2410562
1482203
2316971
345688
1981755
4518
1725580
1850848
2146864
110423
1399350
134038
2303736
1413486
2193176
331959
2515958
1810137
1933062
1608986
1231570
1769037
92685
1981935
498447
61182
1193919
2016618
47643
1956216
1776237
547383
2416418
2432509
1230061
2294342
2398591
560740
1701183
1963718
1070398
2405445
1833533
670715
1716231
1508422
1280025
269179
2131127
203565
2131869
2522473
245773
261081
1082689
775450
936524
1364145
858917
1079986
526705
38048
305298
634876
102098
668212
1437050
1901047
346593
1486172
359481
1644001
535072
63967
1505258
621697
1883628
557734
913398
2189734
1307660
1951861
787884
184470
124734
697677
398433
2180937
2341546
572772
314535
2483202
2296451
604477
1576035
2204194
138089
933216
502524
1463602
1411926
2069568
2346407
345877
706742
845876
1991360
2304117
1560970
1947015
811540
1478886
380574
1411840
1003613
2265574
2462449
1256827
1622694
1485923
155780
1132948
2107121
2236439
1993974
2562574
365416
1047341
393722
263727
122268
1892103
2283253
1339776
1061689
2620632
113585
742407
2195748
1397668
2423792
875606
719473
557238
2545446
1759528
2150471
1690249
551711
1140769
788699
2329786
2371808
1851309
235756
17142
1615243
2327577
1390559
1836587
207105
2317378
2646468
1190114
1244860
2334461
1884480
867441
44511
2641481
1438698
1649405
2209471
2594264
1617855
547918
2188286
2085843
2344186
2514916
1544986
1285770
2096059
2156343
695713
1555494
867545
1347064
872608
1030116
29545
1500115
2185098
110605
314288
1621837
2238975
801646
2319854
1130236
1275702
1302094
423183
391035
2038856
1402175
813270
940363
74664
1314005
1873550
2158335
1674748
1295034
235861
643665
301295
1828781
863150
697818
1821253
508821
595525
159986
830739
798222
2052273
1648379
185993
1610033
895051
1224373
255626
1633898
2253315
1291262
2441009
2008268
2431571
1312692
1133673
917809
696914
1969183
1174820
218330
1296988
1473738
447223
25239
2558329
1774763
1238177
2383381
268790
1766484
2616702
1936790
225097
288949
909012
2585420
2008121
1265800
1916597
1367499
1075324
1840964
321569
1430540
802207
328382
1581851
2539782
1314098
1567617
2601390
1300922
1395491
762390
512604
2329125
63103
1097802
2431800
2388563
1817869
1796234
2012339
1517549
151101
678609
2136524
862427
867645
520007
1372886
951816
1965552
1731628
48904
368242
371919
2594431
2564905
2389321
1706916
2526019
1621068
793031
776417
1372773
912345
210258
1009682
1670719
1628010
1124645
1346930
1687888
482020
1773566
1914478
1870751
513689
817427
662781
388502
1118301
2624823
1157247
830430
1004484
1103267
190890
1747999
1442604
1775458
1155801
1280331
1123300
1916355
2380892
863569
170408
2178323
1532191
847058
1427891
335095
849297
226598
326032
2092416
1285920
2618156
263743
520728
354308
1684210
807949
418928
1771429
278220
1024391
1415520
824183
157884
1073358
1087341
1549936
2558202
1150916
2186058
981879
82961
2172156
2021746
502219
517701
528460
2069906
1326314
314375
104128
805851
1103418
1230946
1335130
2379388
2056758
1238336
547380
2126878
720608
1181916
1026411
2605052
471046
1826737
1839476
929013
521347
2493320
402777
2641436
1938183
1181785
66849
222727
1831232
784829
162973
1329009
1592591
2166648
1686251
2468402
1188672
1688414
1294396
1660685
904514
1597615
1177225
2468709
312156
584118
1235326
851828
1489299
145087
452951
565892
2303153
1521266
1231105
1712631
959295
669913
1136291
1028893
2321023
2175004
692474
387703
2002079
469117
262463
1334363
1471034
2445045
2383621
2130387
1252829
572862
1861260
2604263
235862
628932
87634
1258505
470934
2112053
2162079
968511
2553927
540893
10007
404382
902434
585094
272053
299432
1832957
1973970
2265673
1026505
397455
1108716
706350
2198785
793645
1143774
2634264
2546249
755312
1422317
501940
1236242
2388214
1833952
2089959
1183235
2313007
696663
2107739
129492
2168700
1844581
1437892
2055790
2535192
96097
668342
1030014
182315
1938502
95802
1149212
1382270
1978918
2322596
953713
2033766
1344181
718124
1506831
2267501
2135457
354180
164432
2023613
752991
2379269
147856
259214
864023
525910
508655
215637
187055
976631
1659713
938108
2035976
16856
1298471
837853
392913
2558080
1953916
303803
1616396
1097874
1342914
2011381
354552
1288563
2123398
2045036
496363
355371
202125
25952
1127342
2402188
1248580
2149829
2074183
1239436
1277058
308499
979338
410535
1486710
2044371
2483144
2647915
2154646
758400
1540216
820478
17299
1594837
1588926
1222285
660579
1166415
1980673
52963
2548477
1057183
1972047
379540
1769609
117996
883246
984079
672010
882786
1666182
1762300
247550
1715596
1351857
1710293
1353890
151468
2056388
1246202
1417991
1270280
263335
456976
2342260
1326391
651020
2189586
1509944
2644654
2555954
368122
107931
1664091
2630717
2375683
2556810
1655228
2496401
1572276
2340662
2062751
1468254
210093
2302631
2072177
1681077
842463
1855068
1066234
2580309
1493198
2599323
214271
1495156
1126504
2185691
1302290
587743
1480590
797657
2384773
1111763
882758
886472
42719
930906
1237381
1776989
1810959
2584935
2273936
1362164
927032
110775
1947418
664216
444805
2185183
832050
649882
1343708
1649765
1632716
2638288
1668151
830581
2164780
698642
243821
663252
2318621
1597510
1520733
1216141
1974539
612454
105096
1787492
318140
1904050
932313
1585246
353902
2190684
2384438
201061
1565866
1456239
1966378
1735275
2454065
1067418
1718021
1898106
626899
1924174
1752310
1800346
1179341
351260
1038805
1592208
197725
886608
169289
1187821
1441161
2380246
523495
2083944
2431250
2139552
56252
1083123
208378
1832806
2036051
422167
149249
2074765
129204
2370349
2599815
1016884
744261
343668
186346
372965
942824
371156
1319562
2220396
1422704
2409826
421838
2509063
1070760
2105044
1226473
2407528
1172468
376293
2624647
295756
2564047
97501
2496266
291093
1231855
1424934
934211
739481
407347
1395858
922006
2086301
433588
395461
386059
2153723
1275855
1022552
1878823
260534
416483
729405
2582206
2122073
1413205
1513120
1218002
4389
1932260
1141177
2539038
2110208
331365
1832847
2368439
2238905
1944139
128468
1792295
2175037
509724
2199952
2121132
525947
2538004
1956003
391184
2295157
2519099
947097
2102055
317087
1580134
2647882
1995649
205582
1532697
1514322
2464822
1401971
702980
1568605
1905414
1916466
2642244
1885550
1360887
81606
157602
1821755
2049222
833483
93349
1236212
1408973
327068
1755563
207510
1060263
1075815
2476211
1017663
1556454
218728
980084
1566590
52479
653768
2533739
2209340
85383
2222009
136783
1538755
1930616
2415463
1892212
2401377
285618
1702311
2582569
599331
1284316
956149
1241527
326291
1101324
1184817
2039040
536071
1184044
789718
170744
595337
808073
1013243
2078453
1563084
1924043
2455151
2597123
2128470
822739
103614
2470310
1764247
1178990
1806856
2392513
2429828
657870
963113
805987
1214727
589326
2509509
252435
39720
1810450
590089
1521914
18745
760011
1910891
1389412
2095962
1890507
1208743
934341
841097
1299265
933768
1732796
2467361
1806777
2583803
189568
287431
1337828
349187
1679773
1267662
2479082
1846264
2296555
65932
294682
1921113
681726
769060
1516718
2223250
2267271
1320025
2475192
466249
1954593
2517013
715413
779166
1884092
1085340
1201080
622755
1297212
412333
904167
1796052
887488
1258072
155398
896710
1801816
6796
2237839
1079323
1762371
33059
2065091
1776787
1357942
1945284
1005940
2038993
1285875
2573140
432794
1042864
1308123
1219404
1100745
414654
164950
2169402
1574921
2445735
592288
1124878
1342978
1967448
925767
2004767
957963
1052829
1197515
2345852
124349
2552130
731454
2439615
2290816
677086
2457338
1459182
111827
552579
945822
367893
479659
929857
354679
2369140
1390480
2283685
2088437
1635693
2584538
269201
611629
1236433
1810844
1486367
821153
2201637
187721
1765790
1240761
1021146
208379
208257
686595
1238413
123392
1980992
2373580
2242418
230102
846335
114286
2157566
1581706
1558618
1099925
997538
1048293
1059249
1433370
505779
222555
1766177
283591
955471
1392714
1237260
1392590
284052
193381
701098
2539298
664641
545580
1155494
174206
1837258
1631756
1236132
1562731
487754
304964
1351329
1364164
2267816
240757
1837058
732355
13671:
326328
425281
2050199
2004287
2051806
1710658
535008
2582396
13819:
2207893
579944
129921
1312864
2630534
866622
1430967
523653
1931293
1305278
1934640
1168051
2281917
2347864
2470582
1823836
2134678
1084316
1350133
10633:
1695114
355517
2636324
1587514
1113275
994162
1329283
2500859
1837254
589469
2526334
1367816
2039708
1005010
1848537
2190725
2359545
179270
76680
792371
2090963
95981
2091865
757704
216544
1499785
2306:
1413533
1628880
1358792
1028243
2411052
670488
606955
2501166
1644226
2087908
496451
15809:
1835786
2271373
1224812
5457:
2481855
417:
243435
2212630
939502
2431925
2498639
2105643
770672
598501
1987110
941624
1131551
2249787
477002
846288
1304181
2429320
627515
1418759
1667429
2272156
1191083
12016:
2369815
804442
246484
820260
981760
991694
1498793
848764
1700115
14027:
2389989
2636852
152134
2079258
1034068
2122538
2160839
2100462
2351670
132829
412805
2096540
11478:
160427
1060879
1241475
2473870
2633853
380226
1710741
1895160
2279985
382740
2585732
340239
1614131
251130
1117646
2195697
22475
213084
268543
8846:
572787
1696196
1463620
1304793
3687
1535366
2014746
978638
33436
933993
2533173
1254546
994708
2641278
1597260
858574
1512827
555489
1000559
2362873
708831
1029944
1948337
1091126
2100816
1613658
50897
180251
1672828
26345
2517379
425130
69988
614636
1722566
263243
2101070
2097080
2567502
1451705
2621093
1476446
680210
2580900
656722
454828
1285230
2102901
809153
1738021
2029685
1333458
1271080
1202221
1032935
1185375
208374
1811967
1139488
1218439
1657884
614754
741542
1016011
895413
2040697
2517017
704063
423933
2009871
1595699
546184
2395334
1140550
2250801
557669
882439
2475492
1711078
2275113
2197986
1302305
1705091
1138277
2577232
2201303
1782569
2429759
2229935
2090277
2313204
101774
2399968
221794
2215911
1781422
1775602
2055306
1768314
540155
498105
46278
746819
928992
1405684
2425454
2544305
2501806
231863
2324465
1861057
1660637
269611
1941735
2115847
249205
1557865
146115
678856
1941513
2210204
1139256
2371764
2582011
1444076
2080884
1961157
392493
2353088
158902
120473
807722
1030208
2330928
389985
194968
51602
87603
1705495
1378602
288892
406249
529323
228673
611307
1742012
1503244
1161199
1930556
2530935
926064
637206
2455458
890009
1672834
1195319
1883083
2539401
1582350
1859749
1206284
947051
1569714
1562428
982532
70019
1888976
1693966
2349160
1338843
1255889
784873
198082
2191231
281500
459221
519067
1578216
2532912
40618
867042
1057519
903841
314959
823186
2625415
1772750
2054867
1433553
2509769
2482342
447344
1634351
14356:
1195989
2218097
967002
1466626
1744881
2215535
487509
485357
1905840
1502610
2455956
2141497
345384
1877929
436033
1632800
471869
761187
1492730
8260:
1723226
620443
7393:
1540869
2011431
740854
1336375
449168
1830894
557781
1028167
2554803
2018964
356454
132700
2344348
1595942
243477
31829
1570434
2267005
501472
933553
1168032
1975746
2016655
1766102
115947
1026740
448189
1123667
352223
1540344
1616308
3868:
1268675
1853520
453477
2454668
2435120
515850
1325940
11805:
1746987
2469579
1118293
2228000
2133283
537761
1152933
960107
317468
1456526
755677
1129557
1486096
1416848
2120507
411782
2630337
2042099
301819
367233
166938
259404
1988226
2361402
387173
865665
1043018
2188193
326773
1124778
1551814
2613283
1476640
798001
2148624
2322575
521690
24189
671535
35400
21850
1620319
895896
2344721
1612184
1144499
1726228
1548514
2491936
2174483
2481303
2039762
130034
2555363
628342
1432141
1143282
162554
702421
1268224
2076317
1301408
462586
2433106
779598
2329113
941092
2405142
561282
1258896
364689
1060975
2641169
2224782
2599854
720433
979345
1943868
1687198
607357
2267796
1165873
1754278
1812097
2250632
1961027
2549031
2337978
2611835
2229758
764113
2302111
1902455
1998876
54593
1019839
1642250
1226703
2178316
132925
172560
836709
2353580
1111964
920248
347351
144149
326273
2463421
1472111
273957
384969
2180922
284852
1952152
668963
1827494
1020599
860701
518378
1665816
1601:
1373909
365593
2531242
1019656
981307
15111:
771450
642090
8463:
431681
2545054
1160362
358763
1884518
1942689
2016699
1008402
2637010
308173
2424883
1869610
813503
33780
410389
1366970
2248612
910070
408425
1029564
497589
276046
390790
16737:
1727787
8268:
589533
1475201
6947:
1985123
120503
15808:
2542040
1720449
329843
605078
17929
1516452
1293358
1011675
859688
2044640
1358116
425448
421217
1175652
134500
1123371
998915
894457
503013
1654621
1599253
2140569
2415407
1195709
15752:
692002
8093:
1460421
610833
1212320
1653066
1226959
2052268
1937252
825117
2392141
921022
256189
2630722
2197510
1346061
2449:
746618
522257
2378887
1662380
2450467
2363005
16382:
1345972
53878
946075
2088300
435399
490280
2162720
898416
2265019
2161930
1736527
1621920
840980
1771195
1724841
12926:
1003773
438369
104283
2129354
3719:
327478
498429
991278
441900
2103047
2177532
561210
166809
802010
1940764
643887
1000528
12434:
586972
3523:
282981
1790276
1331224
2019960
132981
294771
292375
2215251
8679
2593453
222018
2016097
1709289
424547
1498230
1206012
1040414
1703262
1181496
1041160
2290467
645749
1654237
1091073
206152
567989
1756365
361583
897809
735259
1140919
1943800
2041222
2453814
1392952
2423520
536243
1719748
2579953
1603204
2090796
438929
1660330
881330
98815
505271
2085736
600963
2121785
155281
1589049
494662
1081457
17246
2571256
1659103
1837284
1345852
1729581
2289971
1875016
1943694
7608:
2262531
115743
1553376
489549
9116:
1198109
2086085
321048
2352654
2146687
283734
577246
2347138
1888264
1053327
1990043
1539828
1307724
103780
743070
921803
1877292
2168407
390375
263663
1795965
2514053
4794:
1437271
17582:
2625469
1611166
2010728
115253
17114:
2413188
9414:
2550523
279904
1874840
1217661
914326
2128808
893805
2251016
274566
1131979
884:
807393
12890:
237550
971588
1381159
253251
1098817
1538173
182850
1805887
1258862
2155825
1939114
138366
113029
902400
648830
1212467
1042055
1173658
900722
1334615
1316160
857405
1594035
317099
1880703
2141800
1521328
1594449
855922
2108674
2036971
2433583
70388
2233290
954043
2290107
4184:
548195
356468
622830
1332017
2314956
2493728
1494196
1471639
1682180
1028499
2502323
1471004
66556
6237:
107734
1478209
1493889
1759013
232951
2318878
829670
1833332
1836313
693343
170552
1546766
328386
5363:
1088730
1913595
1619365
32846
50187
1962416
2453525
453105
2316067
2322138
1422994
1047410
2109666
2361228
116799
429149
1361524
2102794
2558957
906622
995505
2157278
1167243
2043413
2634690
1469933
383952
1019632
532846
2407100
449796
2084330
369419
349217
707685
1210494
1201297
2286015
793107
2580383
1235131
1091306
255074
1887081
50405
1565695
1308983
168420
1636320
760099
18094
1468070
587157
2622284
360157
1867583
545857
1135292
776025
121524
2450619
684565
2055157
1329084
2346115
2192805
570686
1694753
2612449
1308310
1683942
805589
1000095
1721458
39685
2313030
104612
2518810
1498641
1829309
323075
695648
888466
162454
101749
491376
187578
2399486
1744821
456096
1625207
891766
2560607
645265
671015
826257
1276170
938944
494954
2150891
2143309
1845977
1287354
1370013
2095241
1831265
507196
12002:
2515102
2111185
1407968
2106905
1331238
304271
490714
1510489
378532
1253857
361405
1446994
1781926
653300
1926533
568469
2599690
152913
995127
2351387
573873
2042:
43430
2353364
1271555
15693:
2495881
15203:
736988
1063556
2468191
5818:
531277
2311699
1162568
620086
1061203
1051856
2344756
12984:
545639
8266:
1755781
2576502
1294129
1086652
1521285
2449769
8681:
648585
1389065
13566:
782090
49257
923497
1313783
1717130
1079562
14468:
1468986
1862136
1980105
670126
2460969
1262983
508202
167956
579368
2458468
1235851
1143837
2545765
599993
1562259
626211
90446
2198553
6740:
1724972
2066038
445186
496:
671447
2561439
765741
2055682
1694334
1293783
1370369
11337:
2500783
2046051
2260462
250179
893984
2442680
464045
867006
396191
2583260
2386348
1062683
957764
2471924
2513991
2648386
2543396
829008
1758059
513086
1389780
807782
421995
2362853
978447
200824
2113045
1147158
2093857
1617400
146032
2440422
2023144
2109847
1086665
454636
658282
1510118
1900304
1282483
734046
1516413
1220685
231461
996292
1019400
16343
2524038
2382867
714327
349377
259790
2210249
1630701
1327426
1012496
1407483
2570766
1896760
1367494
2176630
728601
168533
1892490
473605
5145
1863558
565331
2052726
440196
576148
256781
444275
2192744
2159915
345513
522152
1280836
2600760
714343
790648
228881
1783260
459226
2260275
1099611
805479
907609
1776237
926812
919223
1622846
180814
272798
1110178
2346462
1421574
1276705
2234603
2301329
1729007
103184
570222
915608
768483
83290
2063167
2240821
2433578
1383386
2440628
908127
2513682
440751
898011
535688
1448409
866297
1581739
1662658
1819463
1827833
1277909
1864290
870615
2622469
2122936
989640
575217
822500
396347
764086
497729
622096
1091847
2261827
175175
1906547
466318
258920
2643800
1478703
930537
2199016
1256755
290483
1593297
2593340
2280129
1131164
1213124
1752137
801876
1941865
1041961
2575330
2565642
1601041
16709
2556967
1499215
147656
1759835
1891370
830572
1171435
1891773
1505183
1791595
2347228
1873722
2286335
641330
1812829
320888
843758
1290524
1625449
11203
1837016
107822
1996469
2258626
388143
1615469
1095523
1941324
17680:
2455668
2565987
1922401
480157
1826105
1494574
358004
1823570
1036728
1396211
1842729
7341:
110685
16954:
352150
1859381
38959
1282773
2323655
415457
2155068
1026169
2139219
2075476
1551233
2072309
883910
1853199
1746985
1442171
2204870
1470862
666949
621302
32447
2623489
318752
640827
1524714
274379
1558964
759129
256512
284800
501174
1813345
2503298
1867671
1277523
2248611
373087
1071149
1674927
1427828
2177462
926474
1836669
1867391
727924
50852
2628501
1089450
559305
988831
326721
738225
2005430
729110
1003571
334436
1557304
2097103
1208196
780973
2365222
2310805
2475802
1141880
731917
2365320
652446
443693
359816
779713
204750
1138499
2094266
2090969
1780811
201092
373327
2396677
1839348
1289615
1358357
1548538
2604669
1133449
2625648
650085
2573573
2048769
2594935
2382693
576525
779642
2052762
858312
1547570
515181
1504420
1162405
2407285
1180077
352141
1113525
464773
2410957
146056
167135
829668
518089
49861
814965
1686321
1854261
670517
1691062
2321916
1746056
2512913
1067107
1505500
312384
2306415
1289147
2000568
233190
785335
1089684
2642422
2284356
880365
508405
72641
1318904
797346
1233376
2332492
1326293
783296
1931836
1079451
2136932
37643
861777
1109364
66608
1315678
705524
623586
15052:
2456982
4602:
507802
164344
2007217
722222
2424303
1210821
1202564
750091
4430:
238920
772445
11222:
2636940
42104
60936
504620
1533106
2539071
1560451
2329445
223921
1382796
1017290
774386
1962550
864470
1181044
664157
184996
60617
41662
1790033
489593
680466
1532926
7714
2137112
551031
1770102
2044842
1382634
1811199
1725196
961416
562170
2478107
1433910
663249
967792
2105100
2248083
2245480
1348963
2594924
1797887
2104746
767232
2290107
215554
55037
2140269
1114979
387432
113697
469838
2445968
648595
2118613
1886378
1530609
747363
2050617
862475
1684310
2577857
2498532
273975
1096294
863014
1852922
2581649
288609
1898490
51428
775920
1824203
1669004
746090
1231295
2236522
2647033
2577217
2035261
2319617
1004912
933725
567527
1075230
2559082
1578849
2645391
695480
1154892
862268
1687868
2435666
633861
1750406
241819
2623871
1727612
822773
786695
307320
666846
4160:
1542354
2268446
2482339
905044
1558682
447930
126621
1924613
1687294
2986:
250785
180940
816573
1192769
1416405
1236293
830662
900264
1661196
917122
1093988
2092437
1799940
2485270
1979465
1384495
2011668
1163530
2509181
368647
2470293
1193910
2100320
12788:
1654617
1002724
1849656
12020:
280112
157527
4298:
2201483
1449120
748273
345422
1130863
912093
569281
2649:
2158780
365174
477002
936724
729229
1375908
870865
1225745
1279964
1029150
1322200
17097:
953069
767878
312085
1933749
1894189
529356
224202
620072
130710
1112936
579370
2443642
122072
339107
2104126
950631
1197909
1045994
1142961
2171218
2540441
1810344
1172338
58489
79721
572092
2465766
838807
142132
396954
988447
1619300
695567
1252014
1067459
1661952
564562
3763:
1884203
1433392
1119020
2064448
2023283
15846
1421324
135462
6893:
1478093
299030
1525399
2493903
423951
271085
1657855
1639080
1760362
835834
6140:
294187
360507
778:
1499853
652840
2435695
2151754
1973244
1905017
2048576
349530
1949332
15532:
157922
100495
943700
2405473
1827148
730683
320482
1094842
809169
2573937
2242468
1979548
174451
2589944
1629245
2531240
2419441
1726093
2449613
1176591
1686739
542294
167321
474751
564820
1625223
1388102
4344:
490312
1414816
631328
1950708
2262266
1108165
2536892
349590
815830
214457
505184
875991
846786
773885
2052110
2229994
392984
2239213
959164
72137
2327246
2422967
1820859
994056
2509422
1202073
825584
1464910
2425117
1214543
1891463
2025448
10699:
1455542
2098584
1470983
2258907
580083
61765
609298
1091770
1174883
894537
1336148
244806
656599
10211:
1848157
558234
1074878
1840156
1319657
2183989
1320038
147436
1247457
107761
1741154
12557:
2296924
677794
2301667
2638694
1641121
2236248
2259655
1324189
1875244
2206765
458723
341138
1467500
705646
574046
1426404
2473947
1046883
9396:
363629
638960
2555363
416956
1852540
1002138
474071
613460
1872204
12522:
989629
591552
13882:
1033188
2403300
157549
2277092
1747338
1779820
10977:
1549300
652745
946843
2227105
2164172
13176:
803157
1366326
2236255
2400808
334760
603575
267858
6840:
1566646
7651:
1567436
487132
2505863
16255:
102712
1700710
3456:
2001912
462951
1142582
1512029
132329
108887
409372
1671154
2045394
2207067
379282
1834364
1192734
1096802
2472803
306601
400330
37300
1556056
586150
2495385
1964776
930690
2584808
1377637
1898714
1311409
46661
1681220
1317975
1669984
2177438
573882
2535323
1963313
387568
129415
876875
1186292
929857
1625527
981593
2028520
117745
551563
646715
2569159
1629648
2047220
1533106
1901308
2043344
1440348
1737972
380194
846221
2021501
1024565
814388
1566276
248904
2220429
353608
2110332
626387
1327705
1574907
868509
1223853
2083080
227531
781743
1147730
2128354
2241688
1746204
1971483
647869
2379840
666294
953227
1584400
1776094
1206489
91732
1737384
673728
1665346
1596078
1269157
2135276
887201
510997
2456607
1495874
1850263
1770508
204101
1066379
1863644
1627689
563305
1969148
1352982
1744006
2069326
1772333
1659197
2466020
1403099
437509
118031
948747
1037180
1673805
1995132
1966996
1724109
39797
224252
1041961
662011
2437475
2586885
116353
757706
1200792
1561932
1399305
209071
1384843
2626356
1747990
1333575
74427
1897655
2393763
2117872
697310
1568516
1490121
2325308
1482343
2460436
2453282
2344202
227271
2503865
347178
1148958
664395
2612079
1964809
977724
2135037
1317457
1686486
274359
65269
119168
1282588
592460
1168916
1203161
2299681
1926008
1447720
1932777
158293
285208
1075739
2158311
2006140
93174
2530169
2519517
285615
1335803
2323560
795105
543954
1008866
1095954
1219833
389606
2617437
1330263
2297190
2402762
2607302
1344061
276617
2145716
636655
2119685
835508
1097115
462624
1662118
1729889
195596
719384
2626376
535313
1696837
2077788
521559
1766397
2488156
127355
312890
2354311
349726
119964
2331332
1836827
1346040
1414500
1137728
2216274
799667
2537364
2176506
1279601
1741618
1335734
1210488
56371
722050
1492100
880814
640113
2390269
755612
2207287
810433
621425
421620
363805
88370
877627
679169
1023655
2381411
1006867
1631281
1338779
1879187
1050974
1563555
1750642
690609
439457
2602740
1899543
845618
661096
1261594
1636790
2172184
447535
1055660
2629429
1383046
556850
416726
469599
1455275
1780801
1811057
1126061
57818
2280204
1491762
1096413
231284
2229278
2040981
755112
886442
1909371
442485
73277
1929021
2611332
1358632
1094850
2128838
898533
266126
1522294
822085
740992
117607
1378059
520881
1543955
2628778
2204810
1996731
1785209
103961
2006211
725140
165703
1323534
1816540
843870
563885
623920
345801
138372
1468050
399917
1754240
703308
157325
678276
2287299
1854130
1425521
978155
362084
908715
798541
1579499
961490
1106505
1243537
1610646
184218
727976
1305838
760027
940938
118360
2050724
288382
1674690
891055
1305402
464337
146088
2098142
1546496
1468635
1889178
929920
2053104
2306910
951494
988168
9225
1982839
1781937
1536302
744518
988584
1454701
2370538
2218809
1489880
1024112
383024
2648502
2372961
1917564
323883
1129582
102372
106363
1416942
2297996
2554793
1040741
2031939
922261
1121386
998108
2115628
1537427
122768
370864
1561433
1302792
984525
2435197
1746264
510014
1472025
457635
1021332
1920064
2301649
612262
1577767
885226
1799090
972253
2599601
2264207
1875704
902740
1737651
2183491
1379335
395378
1388503
222203
955683
27781
259853
964654
2244038
1682222
488194
2012582
941589
2400035
197278
1956365
611573
19006
444417
616006
1958593
2506128
2292507
2093255
2008983
1440661
1008210
1243029
2596244
2384845
1500640
114106
2571949
2423979
2034351
72087
1063619
261783
1723549
2239021
1634596
688863
1717817
935170
1569600
133621
5823
245114
2007510
306843
977416
1496432
1408585
537088
1432298
467051
27707
994736
1993534
659508
1811740
1829959
225648
1308315
1233303
2076722
1603605
2213479
1409589
465713
780571
1281280
2367496
1020509
69894
620938
1425608
1707258
2299957
628686
765708
1819285
27318
1911545
1132540
1691401
1733710
941186
872380
848649
1745369
2624826
2554739
1783205
1519393
1582584
674714
1777088
597923
243037
720103
485669
271128
1479083
1128561
1352072
1296127
1129085
287653
2347593
2007992
1575374
1543259
1194320
1692027
917252
2321112
2582116
1054215
1764736
2166728
2190677
516107
1075294
845760
2499806
1415916
2156165
2509736
2033564
80155
1401815
20111
1054650
773803
1472908
157094
1086
457142
2190100
1404100
71899
1114196
2046390
868680
1949751
2337259
866927
1252039
189435
1206803
191933
1561788
1239358
2448427
649739
332300
2469065
111337
1558899
2401784
2178763
839811
1774516
783874
2579159
90007
880579
2294218
1246015
920158
2351031
1505300
1950780
895951
2355807
2390412
1030519
1842770
1547781
1612781
1848664
1203600
1361949
2064085
1227915
721293
2146509
2535832
1186263
437568
1729987
1298114
2513188
1723092
1042511
2574805
2395582
1277036
864000
220944
1700470
1585910
1400535
895941
1324003
1230647
2396973
2342461
2280336
2611623
1431577
1151879
2141793
1607959
2201074
178803
1078256
789758
126241
847285
2261239
2610434
2344846
1852627
1404811
1749798
1365591
969342
1187402
2526278
1854155
225850
2367767
494153
487257
173086
481813
1390591
1679376
162112
2215332
1208375
1250649
557981
1149359
571212
590429
1630024
1009885
505736
1023636
2356883
681107
2280393
1540675
2333173
2600276
2248644
2579471
998167
1426975
2173597
1701238
436060
1676135
104494
2384327
1284106
2177536
1529282
284509
960862
2516028
2299033
2369436
1327490
2185998
2120507
1670612
444939
1606043
822672
1149838
1131851
228716
1336285
1069731
368409
1188824
382101
1147408
32332
107319
1170060
1263603
937517
1690210
1631856
1729859
2230831
256348
1104264
2550915
564174
1880795
957402
374410
688893
1131615
439147
698451
2351237
1351174
1692880
117624
2081939
1437552
1203646
1894608
2062146
1430800
2497182
1822277
270987
914647
841778
2625959
961599
679817
818125
270602
2338871
2032829
567319
2330585
841361
1081300
304991
2326032
617140
10323:
2538479
