6770:
674323
798296
1119394
638004
1067799
1461435
1639792
873805
24373
363739
1285852
1970534
2194564
1457134
1029163
1602333
867068
2241438
1256797
1199825
2317249
2502499
782611
1663346
2503502
1731538
907347
2489226
1432233
370762
322388
2063217
1664010
1849182
475578
1646777
353673
554137
2056022
986066
142077
1941162
387418
1549799
1693283
774868
336789
683719
822043
2019580
1075615
1190302
963117
2207063
1387402
2092195
2461815
1563935
332627
897024
446779
2222864
2472638
1865791
927849
512278
1728094
288218
10801:
1317231
1014165
1995838
1106186
1045551
2496748
2535144
524142
575714
1373312
1315245
2518844
1272160
1687506
166410
998072
162834
1749597
1979874
2472638
913713
8081
495271
945283
1159376
726621
86879
229952
2346:
202018

12236:
2599732
663560
1457006
1932594
254097
2260738
2221806
708802
1846454
1631508
772087
2265561
305344
1997724
1527392
387418
1418440
889664
382019
663880
1185473
550530
2570808
682966
1131364
2155831
658141
1049579
2076588
458471
247794
676275
1142493
1641025
1314869
993550
763359
107776
1767645
1506841
1771090
2088599
1908753
1473434
609402
1018033
1824733
455911
111615
509239
1633729
974346
877698
2326930
1403217
1284481
740118
2052670
1084108
12974
822164
124426
870391
7268:
2632341
2474140
795380
2012582
1321837
1804201
2439493
768185
1545820
1035139
777786
1737616
436947
740118
1692897
509239
2372200
498469
1695600
1985312
1703555
1135850
715362
775089
2534296
732863
1572111
1563935
2098691
227732
254097
57287
1845249
833799
2125666
1926723

10957:
760481
1032648
1480571
176300
54221
1405132
607241
2622843
2518616
764126
1753149
744:
929834
296704
129720
186411
566017
1389367
1998777
1576577
2118461
1461435
2262931
699752
87206
2634967
2625420
1228560
1357960
962536
2204671
905334
1397870
1216821
2345117
2568401
142492
1719752
2079367
74175
1639792
895663
683427
1740744
2606799
1298304
822117
1031604
1313694
985146
1346990
1821967
63634
741977
552459
1809614
2122527
2124334
622988
810003
671576
557224
1867135
2569099
1431557
2188243
616322
1565468
584958
1973533
16272
1449090
2025284
776986
282881
1273176
9349:
1631877
781021
361832
243304
833416
832780
1102418
321089
8386:
292487
2156909
394699
1846060
1802901
1947591
7751:
2145441
2137882
807541
1512224
2557435
1752426
2082857

8286:
1802028
609240
2342834
2176303
2018935
1486829
2475796
1497490
917886
142492
1969563
1343181
889126
970031
11663:
802293
1705746
421981
759737
1520734
588285
2414966
1850680
168523
1637482
1001129
2518168
1673185
2044883
485070
1990740
2503728
58326
1684416
492291
2147527
2615629
2524353
1002943
999553
510834
1473980
2166018
2039727
2343566
2645984
324634
519479
2126211
504440
1329027
2097277
596255
1232494
1559045
1850091
2228457
752642
2375962
1204865
636262
2118461
2538506
2229066
892045
1307897
2459632
2061495
1403217
634242
1038476
980485
1925428
2187693
1234084
1229977
1706873
535337
1059961
1999176
1037245
846622
1663888
901520
2058194
507921
1271816
1806515
946380
2327743
65031
1951144
12759:
438688
26090
709182
2031068
2277303
1717:
1001129

2550:
718990
2094487
2253160
493637
388514
2599758
419660
633839
571670
2622616
2092829
1886247
2215023
896702
662906
503540
598582
1316130
1099895
1133469
1859951
2185262
1379561
1754010
1058518
1316449
2495257
682894
273093
1690575
260514
1957053
1190033
525469
2058088
510573
255768
2198070
1921387
539607
162641
899596
984083
1734103
1698260
1287065
1997685
1179209
317908
1808359
1655937
2565354
2322540
522787
1386108
1336613
2253161
2032138
1114324
2479997
1399499
1040684
1070519
2604845
2385134
1462488
2366010
2323821
670088
130818
762835
2133081
833446
2397168
768833
1920266
2064713
1013186
522130
835310
2315012
743636
740443
1403378
2605179
2309157
2069442
2345708
1640132
1092047
4123:
910899
935581
39830
1538719
313787
1199312
1150774
5535:
1218770

14662:
874176
2590061
1851595
2387951
1634433
2315936
2254307
1102087
2246487
260459
1078333
191097
113261
2417423
8121
2048758
1396557
2377425
2220392
1926057
2021686
1167549
507810
1726722
726235
635928
733570
2641824
2518265
1348659
2444816
1053359
591064
842359
1152342
1848149
722591
1085320
1214012
2527425
1690112
729128
83594
2413320
66644
15914
742634
32902
1994270
1225985
1520104
1817781
1727961
534018
2287170
1745745
353128
1596531
1339156
1537571
1427363
1285774
569386
2448527
2001123
1894534
1048062
2125063
17873
698909
1647121
1515355
1390264
1889657
2534832
683124
172344
1293986
684876
2476306
881980
133780
782663
1594651
1094850
2105657
2173695
1287878
823157
59143
960777
2397914
311548
305344
15420:
1071547
545026
17259:
2415199
807418

7773:
223590
236160
1869926
1943504
424241
1105029
2176465
2590515
539382
1461435
2542901
507094
1204833
1390512
1235767
11006:
306094
2012211
1474064
72978
1633629
1932594
2055243
292539
321819
1545850
1569109
2029124
2585767
2497520
606973
566142
1810064
341468
2442177
916626
2644825
2037602
112320
3919:
708226
1420080
169741
196541
258588
500552
2335551
1272225
1930250
387418
1032041
1326360
1089344
152958
1691941
304113
1719888
254110
1827071
108936
1044060
733228
2237144
1349656
2436216
1988735
1376350
1549730
1738197
1700131
883461
581868
487949
1660191
2220576
956561
1552084
2419504
557021
509:
249605
56271
1901576
2598768
512610
1736602
1552802
1906240
716429
2204091
2118461
1526916
1664010
9378:
1438291
189387
73519
601391
1465574
1602955

9794:
1702389
1119579
2590195
1075509
779791
2564027
2572690
1115333
90729
1620406
1807626
1432952
2335189
116390
1566243
1432761
1548038
1377634
1219516
957170
947210
1562670
2405410
1091723
2533753
2028737
376638
1455792
1394847
175337
1531449
848910
2111805
452203
1529996
550178
1017160
2075846
1251196
1923435
732221
29905
1124730
2585815
1932594
670658
2056305
2415495
1757731
494896
24102
2604824
1585165
1641213
1018928
2238643
119110
1510503
319410
2457466
71288
1982753
668344
512633
1457134
532297
1367101
2606799
346966
912436
738264
1464401
834395
1914173
1123549
1873361
2330352
1304827
2463091
134907
1075283
1114324
1974864
2108460
2152771
879760
1928445
1301032
2157060
1570187
2424300
1860256
2210258
200804
1314869
164482
666037
488265
804602

7622:
2415253
1657388
428831
685413
970605
1591459
124042
244718
190314
2356623
2439493
716173
57541
976918
308868
2034398
1540380
677123
1776874
2373570
1522070
2128433
1020583
2207807
243234
1355077
810280
1687549
1639792
1752615
2238060
961346
663462
2110951
1145397
305344
1042710
791914
1749017
764910
106497
859704
1767857
1645664
601427
2086566
387418
514922
1717184
2266668
695276
2242345
1486829
2451418
789969
794999
1637605
266215
1252774
1061195
220512
254600
1553929
1823860
2090108
1166007
708329
1707778
314044
1185828
1481728
1964980
2297136
2118461
1912163
2334771
2648134
432162
1262713
1461435
1299757
898283
289009
1289293
1058579
184493
680878
484675
2634967
869544
1458247
495542
1928780
15197:
1999275
2200008
327338
1509353
293374

2510:
2550506
2140213
80548
641398
1753201
172622
1063188
1132764
1473980
2266083
1614305
771125
1480451
455707
306420
2234889
1226449
1425527
976594
505448
2539390
2177165
1151562
319058
2573544
857903
1418333
154504
2434666
629528
1528741
777039
946014
1872220
1547563
525666
79380
1977612
2568837
1586695
658721
384609
49725
1643914
2256485
32452
296232
1187183
1829694
2480992
916411
1803100
2247924
1321224
1013887
1098929
682598
6932
769702
842131
2176465
2024221
543865
493082
1527706
1461435
2338857
766430
518102
1422518
1657696
1902838
1757328
2100574
2295268
1792741
1230502
1664010
1935793
2604509
1932594
1275254
1777406
759322
256465
1732266
1385356
2585282
1317671
2463867
794667
722859
2457095
2274977
1196854
2087257
511222
1138585
2062350

