17499:
520308
847202
1516540
762929
2196410
654143
2275707
81756
1193896
410559
87871
1596455
5376
767841
93926
1642800
2011692
280040
1967760
1428219

17500:
1149481
2126316
119430
2556360
1161000
2124222
485990
2080722
2012768
2034985
796702
295894
1298891
852257
1287957
529085
1420882
1004020
1354801
2603305

17501:
778885
1008795
183693
732585
2401045
1962598
511232
238484
2124140
2330571
1931214
2484952
1491344
1029424
2034411
1745353
847671
2481934
36811
2508175
17502:
191704
842447
109584
1719792
1720011
642054
331321
1088922
2582006
401228
2359081
1491394
1984390
2204047
678380
855546
2252871
279977
2609037
2621420

17503:
431925
334349
1958792
2568208
1883328
291068
443056
1488541
1245790
1527904
1076809
1490007
484372
403812
685012
130456
908757
1903213
1844742
2644459

17504:
1371810
295217
2089420
2555971
2284553
725850
1198720
2068607
172417
838203
1518386
2425075
1475064
2579771
2206266
2553596
1583901
1135181
2586998
102454
17505:
2011797
983412
1524673
1176431
1944014
17905
2071043
1667436
959604
2389447
2064403
2282446
1295433
2422765
2595142
90196
2036029
1729880
1165516
838940
17506:
1026723
298385
981476
72339
2401548
1791079
1245742
81160
1092067
224958
3080
823609
2143377
2630368
1397234
2128601
1282764
38178
1280946
2056138
17507:
1391813
1208601
1926315
671416
657612
7454
1265056
1367846
1978337
124905
1409584
978333
2139188
1278845
2510822
939473
580971
299157
1211250
660685

17508:
847117
184396
9855
1477315
139393
1546025
61796
2205483
130710
2391045
1721485
2139190
1609252
1145318
2205753
1558207
778646
1895661
1536713
1928219
17509:
1515560
1307576
1537596
350585
95620
37836
989996
1220436
2250807
1599571
516517
2439846
435477
1865892
2196280
2635391
634342
1210615
335905
2340433
17510:
786604
599618
2146040
2202998
2244167
70081
1264405
2056853
2078820
790084
1672518
2042876
633128
1565383
1144700
1472662
2251523
2547059
2557024
241123
17511:
1016276
992184
1998356
556303
2026725
2505423
622056
283393
1784517
132877
2482180
1738223
1634738
1175437
1884469
366920
1285610
1961845
763264
2522660
17512:
1322020
2030668
1107128
953487
524323
778840
157682
964763
216163
645092
2521241
557199
2321496
1878997
1706030
1767716
1473562
1086963
2544600
988012
17513:
442820
2641906
4360
269420
1578641
2519920
1073673
224556
684480
1856789
1450207
1335135
400136
413618
1514618
1199955
1194794
2079201
2232101
641203
17514:
887656
1554612
1189376
1006751
2045051
1523893
1940403
1841162
1969446
45350
934813
276295
899124
1401470
1863393
1522912
1641356
351173
737562
2003708
17515:
2409522
2418911
442800
1363745
1609511
1441672
2143459
1738747
3909
1510221
995504
836584
601341
388109
1615347
129387
2177900
182338
1440148
504566
17516:
771731
1018156
255272
1419455
206519
1569727
1983836
660579
1818530
754389
2317466
1125894
50573
2247140
1232046
1675240
365845
931896
577353
1857329
17517:
258699
1186583
231967
608359
90845
2646570
847516
1540355
1447304
1079074
1489144
1402866
446492
2312932
1803291
406577
372976
2094855
1300234
1308965
17518:
28287
1351792
771426
408445
1953167
885869
1074751
34892
1980153
527047
232333
2151504
2219310
1204081
748578
492299
2348463
828424
2344555
1117743
17519:
642501
131421
1770420
1941751
668184
1021777
2105970
1965475
213962
109404
513900
2219975
2284900
1823462
410161
1698404
66778
1859112
1909943
679976
17520:
1123763
713604
280979
348123
1588138
1220793
2303085
1627026
1505846
415464
1901302
750454
1105518
4570
1666502
2037141
860361
1189049
1703179
1102298
17521:
876978
2454942
563155
2318382
1857323
2374064
598784
2405139
2460606
359891
1998580
1749712
2425648
2356471
211277
99539
1086659
1257134
1146291
1201364
17522:
2136748
1751800
1180580
320486
1254356
2335915
214989
2425607
307796
660645
2613931
1290764
2501096
1435784
1157572
527794
758483
2102716
1069328
1455409
17523:
116672
916065
1885608
1826920
62404
1682403
1605323
504805
867963
1946893
2191719
1631471
1840991
1489297
1623692
1071261
1142685
940686
2345648
2104171
17524:
2320596
61222
103560
320274
1637341
1251113
1679899
1430293
329842
861219
2565189
1055889
2298496
652594
1180242
2183271
1432551
351617
2574830
1971749
17525:
2428034
1691189
2492396
365216
1324454
1246558
1002081
1831160
253275
1078519
2641397
2514358
635524
1788800
1103325
1411914
2046568
1161285
768310
621164
17526:
1571765
2568320
1929293
2502927
1769764
2629046
200663
721571
1040616
1139841
2540275
793806
1350087
27520
1592926
2333554
1824868
49135
906987
1958224
17527:
1686418
835034
96780
997877
95306
2310725
2259718
2012169
116359
720462
872934
477266
2482656
1964953
1721514
835652
1330800
2171516
2248066
1279060
17528:
1747805
1962169
839356
2227050
2059490
1095243
565403
219095
747719
1359832
2455485
350173
1156766
2440023
2513636
1449459
559082
500253
104147
39827
17529:
1395094
2010496
1836720
2200428
896042
963652
17798
2250084
806725
649806
1437550
1954161
183491
1780083
130166
2380436
242244
358200
1508717
1406633
17530:
1395624
1612022
653326
25368
683274
863135
808914
2606282
2174234
856822
1665410
1953324
630963
1902032
1577157
59566
199292
854286
1975299
1951249
17531:
1828624
156835
1347710
885154
1006895
202763
1507203
1646187
1581328
1515203
1116120
2265994
1963092
210651
2151202
708520
371205
568080
83897
924823
17532:
407682
331545
1954508
1923508
2073769
1616380
834196
200910
1160226
1739203
904698
2143789
1749450
1088610
2443348
1798356
1671011
2378955
1988330
1922417
17533:
1559064
530827
565093
1301009
1707966
2360522
2423890
1550501
503370
1841483
2094789
64059
886281
1968141
1220282
658750
2475455
659468
863092
963239
17534:
291868
1161496
410361
1308867
215019
2680
529629
2376532
1776302
1066046
1662994
2648392
2126434
1145292
984405
209759
575450
468021
2100208
1277842
17535:
407773
1330232
2324496
844663
1017880
440523
1710029
1293877
1336746
326850
2414641
2067629
1606085
1143867
1794391
2559239
1158829
2549759
2390595
984043
17536:
1851803
582421
1343875
1556929
404753
1133385
2481935
2394536
229618
873937
943613
1620946
476188
524753
1513915
2552107
1468473
2407922
726568
2488527
17537:
1074419
1319599
1639585
109446
1332401
2354901
2573745
2625853
1638571
2162261
2256497
1162181
1898798
2331398
784257
1591178
311739
2647067
2479391
279004
17538:
1586744
1218920
28419
916025
512910
509187
2025224
2228145
1359723
1523325
1345873
548136
2334489
1621981
430550
1002999
1453494
1017461
289729
2530467
17539:
1936352
1567154
414953
2345026
844710
1016161
2319837
2110206
1811035
1239034
653790
1452032
2319012
2418207
260836
2498316
1218596
2210
2260047
658677
17540:
1108608
700320
2025922
498687
1986774
144750
481161
1580718
1032386
1129624
671608
1073373
2155714
1185502
1771778
1012466
635974
1955234
1369399
914474
17541:
1978322
553635
2143980
959643
721115
226951
1281739
657220
799691
2424094
2104010
1339275
1973632
1220311
336852
2294445
1217582
478973
1310059
1305247
17542:
2133307
819944
271659
303149
1431596
646742
1430708
822819
2597659
1813513
2434069
1874412
1887430
1338509
2371581
627541
1975702
2328318
2401588
1176329
17543:
891564
794302
610431
2543809
1761795
1245996
1834447
2097580
843635
656832
1498447
2258881
53638
971195
2446905
502577
1536049
948897
214059
64219
17544:
2630722
1019012
1096223
1481017
408902
1368503
721848
448332
2642246
229115
1166936
11854
648973
800320
483124
2346460
2599338
1856369
665052
779228
17545:
2233983
2518916
2620634
356400
1057057
1069544
639707
2530803
523331
870228
1609605
1124589
2482365
1507341
1285654
939606
507194
1192447
660288
1246452
17546:
829389
1488460
1732547
1968851
1653758
271306
1581576
2536096
788571
1532702
2398721
1847091
2264641
1430208
2625413
1018828
1442631
2309846
1732723
1266980
17547:
2488408
1654844
1891094
1921887
1073018
987578
418723
1444879
110246
174916
1997730
2160714
2296628
319198
1775861
2508625
1207651
1352429
378742
500727
17548:
1334977
1353897
645142
1417988
1704206
763634
817187
1248880
2136986
178372
1910232
1958993
904022
200297
1824297
2428627
2309031
1931218
516057
1564115
